01001100
01111101
10010101
00100100
01011110
00100000
01001101
00011100
00101010
00001010
10010001
01101100
10110101
10001001
01111110
01100101
01000010
10000000
10011100
00000101
10110111
11110000
00100001
10111000
11000101
11010100
10010000
00100010
10001110
01100100
11100101
11110000
01110010
00100110
11000011
01010101
11011100
11011000
01011010
11000111
11111001
00000101
01001111
00000100
01010011
01100100
00011100
11110110
10000110
10011010
00101110
00111010
00001111
00001110
11010011
01000100
00011101
01110100
10001001
00011110
11101100
00110011
11110111
01001111
10001101
01101111
11111101
01110110
11100101
00010010
11100101
10110101
01010010
10010000
01011101
01010001
11111101
10011011
00100000
10110101
11001001
01111111
11100110
01110010
11101101
11100111
10101110
00110010
10010100
01100010
10000111
01000100
11011101
11000011
10000101
01111110
11000111
10011110
01011011
10110000
10001101
10011100
10001111
10010010
00111011
10000101
10001011
00010000
11110110
01110111
00100010
10100011
00100010
00101011
11100010
01110110
11010001
01100110
10100110
10010110
11011011
10101000
01111000
11010110
00100111
10010010
11010101
11010000
00011000
01101000
00000101
10110111
01001110
01001111
01100101
11010000
10101110
01110110
01010110
01100111
00100000
10111110
11111000
10100111
11111100
11111101
11111101
11000000
10110001
11011011
11011000
01001101
01010000
11100011
00100110
00110111
00011001
00100010
10110111
10101011
10111101
00010100
11100111
10110001
00111110
00110111
11010111
11110010
00000111
00011101
01110110
10000000
01110011
10011111
11000100
10011001
01110000
10110111
11001011
00111000
11111001
01011001
00001010
10101111
01100101
11100011
11001111
10101001
00100000
00010110
01010111
11100001
01100000
11100101
01111001
11011100
01110110
00110001
10100101
11000001
00101101
00011100
10000000
11001100
10001111
11000110
01100111
00010011
10000110
00100110
10000000
11101111
10011011
11010000
10101110
10000000
11101110
00100100
11101011
00111111
10101000
01010110
10001110
10100011
10001000
10001101
00100111
10110000
00001001
01001111
11111101
10011001
00100010
01111100
01010010
10010101
10101000
11100101
01100000
10010111
01110100
10110101
11100000
00111111
00000100
01000011
10011010
11000111
10001100
01000101
01110000
11001010
00110011
01101001
10110111
10001111
11100101
11000100
11000000
11000010
10000110
01100001
00001101
10000001
00000111
01001100
11110110
11110111
00110100
11111010
00010000
01000001
11001111
00100010
10001011
10011100
01110101
10110010
00010011
10010011
00001111
10000010
00100110
10011000
10110100
11111111
01000101
00000011
10111101
10000011
01011100
11000001
00100011
10111000
00000111
01101101
01001011
10010110
01101101
11111110
11100010
11000000
01100111
10111000
00111010
00011111
10001101
01101011
00010011
11100100
11101001
10110001
11011001
11011010
00010101
01001111
01000011
11110011
10111111
10010000
10111011
00000111
11011111
01110011
10111111
00000001
11011011
11010001
11001000
10100010
10001101
01101101
11101000
00000100
10010010
01110011
11110100
10100100
11101101
10001010
11010101
10100111
01001101
10110101
00110010
01010001
10000101
00100001
10001011
10110001
01000001
10001010
11010101
00111010
10010011
00001100
10000110
10110001
01000101
10111000
00011101
10111011
00000111
11110100
11101000
01001000
10010101
10000000
10101100
11100011
01101101
01111000
11101011
01100100
10011110
11110001
10100111
11001111
00011001
10010011
01110110
10100100
01111010
11111001
11011101
10101010
10101011
00101000
11110111
10100010
00010111
00110111
10010010
01000001
01000000
01101010
11101000
11100101
00110000
11100100
00001010
01101110
11101000
00110100
10101011
10001110
10101011
10011001
00001101
10011000
00111000
10111100
11001111
00110011
10001110
00100110
10010011
00110000
10100001
01001101
00110001
10111000
01010000
10010011
01111001
10101000
01000100
10100101
10001001
01100000
00111101
00100111
10100010
10101011
10010101
11100111
00001110
00011011
10110101
11001010
10001011
11111001
11000100
01101011
01101100
00100111
01101101
10100010
10111010
10110011
00010000
10010100
11011110
00001100
00100111
10101001
10010011
01100101
10011011
01011100
11101000
01101101
01110010
10110011
01000110
01011101
01110111
10000100
01111111
01010001
10011011
00101010
10111101
11100100
01101110
10000011
10110111
00010101
01010110
01101110
01110011
10001000
10001001
01010001
00000100
11001110
11011011
01101000
00111100
00001011
11001101
01110110
01000000
10110000
01110011
10010011
01110000
00101101
11010100
10000011
01111001
01011100
11001011
01110111
11100000
00011101
11101001
00001110
01000100
10101010
00000111
10110000
11101100
00000111
00001101
01111011
11011111
11101110
11110000
10010101
00001010
00000100
11110101
10111100
10001001
10111010
10001010
01110111
10010110
11111000
01010110
10111000
10010110
01011100
00001111
01000110
10100010
01100011
01100111
01000011
00111001
11011001
01000001
10001011
11010010
01001101
00000111
00001001
11010011
10001100
11000111
11000011
00001010
11101111
01011110
00001011
00010001
10000001
11001010
01110110
10011111
10001001
10101011
00000010
10100100
00101110
01010110
10100111
11110000
00011010
01100111
11111100
01011111
01000110
10100000
01110111
10011100
10110101
11100100
10100100
11000001
00101101
01001000
11110010
00110001
01011000
00010111
00001000
10101001
11110010
10011001
00110110
00010000
01000011
00011100
01000101
11010001
11000110
01000111
10001011
10100110
01110001
00100110
01001101
01001010
11110111
01100100
00001101
10011000
11100101
00100011
01010100
10101110
00101101
10110111
01100010
10011100
00101001
00011101
00011101
10011110
01100101
11100101
01111111
00100011
00011010
01000111
10110000
00110100
00001011
00001011
00011100
11101001
01001110
00101110
00000000
10111000
00000111
10000100
11001011
01110111
11001100
11101011
10101000
11011011
01011010
11100101
01010000
10001000
00111001
00001000
00110100
11000000
11101110
10001001
01010010
01001000
10110101
01001011
11111001
01111100
01011000
01100101
10100101
11011011
00100111
10010010
11010001
11000011
00011100
01011111
10100001
00010101
00010101
11101000
01000000
00011000
00000000
11100011
10011111
11011001
01110001
00100010
11011000
11110000
00000110
11000111
11111000
11001000
11001000
11111011
00101000
01010010
01010101
00010110
10010111
00001111
10101010
10011110
10001101
01010111
00010101
11000000
11000010
01011110
11000110
00011111
11000011
01100000
10000101
11110010
10111011
11010101
00010001
01110010
10010101
00110001
00111110
00111010
00111000
10101101
01100101
00110001
00111010
01010000
11011001
00000101
01011011
10110000
10001110
11010001
11101110
10110100
00011001
00101111
00100001
11010000
00100001
10011001
01101111
00111001
01000100
10011111
01001001
11001011
00011000
11010010
10101101
10000001
01101100
01011001
10001001
10110011
11101110
10101101
11100001
01100101
01101100
11011110
00100100
00001100
10101010
11001111
11011011
10110011
10100101
11001001
01100100
00000110
01001010
10000001
00000011
00101101
10100101
00111101
01000001
00111011
11101100
00010100
01000100
00101101
10011011
00101100
01110011
10111110
11101001
00000001
10101001
01000101
10001011
10010110
10101001
10100011
10110111
01110110
00110011
01000000
10110101
10111100
00111100
00011010
11101000
01010100
11001101
00110001
11001010
00111100
01001100
10011110
11011100
11011010
11101011
11110001
00010101
00010101
01100100
01111011
11100101
00111001
00101101
00010001
11110001
01000000
11010001
10001001
11101011
00000110
11001011
01110101
10110011
00000110
01100101
01110100
00110101
00100011
01000110
10010111
11101010
10000011
11000111
00000101
01010101
01010101
00001111
00111101
10010100
00100111
00011100
10011001
10100101
01000100
10001110
10011011
01101111
10001100
10100000
11110111
01101101
11111010
11010001
11000110
01001111
10110011
10001111
01101001
00001010
10000101
00000101
00111010
00111010
00100100
01001100
10011100
00001000
11000101
01000110
10010001
00010000
10011111
01111101
01001110
11111001
00110011
01001111
11010101
00110110
10101000
00110100
01010101
00101111
11000100
00001011
01100001
11001101
00101100
01010000
10110101
00011111
00100111
01001100
01101101
11111001
00110000
00101000
01100101
00110001
00110001
00100001
10101101
01011100
00100000
10101111
01101111
11001101
01000101
00010010
10011110
01000110
10011000
00001110
10100111
00100000
11010001
10110101
10011000
11101111
11001011
00001101
00001110
01110010
11111101
11101010
00010001
01011010
00101011
01111100
11101010
01010111
11010111
10001100
01010110
00000010
10111001
00111010
00000011
10100100
01101011
01001010
10010100
11101101
01001011
10011010
10110111
10010010
00010011
11110111
01001010
10010110
00101100
01110110
10101011
01001110
10111101
10000110
00101001
01100000
11111101
01110001
01101001
00011110
10000110
00001110
11010111
11000000
10010101
11110001
01010001
11100001
11011001
00000110
01110100
11110101
11000111
01101110
10110110
10100011
10010101
10010101
10000010
00011010
11001100
00011111
10110100
11010000
00111111
10010001
10100111
10001001
10010110
11110100
